6 2 10:14:43 2017;1
6 2 10:14:44 2017;1
6 2 10:14:45 2017;1
6 2 10:14:46 2017;1
6 2 10:14:47 2017;1
6 2 10:14:48 2017;1
6 2 10:14:49 2017;1
6 2 10:14:50 2017;1
6 2 10:14:51 2017;1
6 2 10:14:52 2017;1
6 2 10:14:53 2017;1
6 2 10:14:54 2017;1
6 2 10:14:55 2017;1
6 2 10:14:56 2017;1
6 2 10:14:57 2017;1
6 2 10:14:58 2017;1
6 2 10:14:59 2017;1
6 2 10:15:00 2017;1
6 2 10:15:01 2017;1
6 2 10:15:02 2017;1
6 2 10:15:03 2017;1
6 2 10:15:04 2017;1
6 2 10:15:05 2017;1
6 2 10:15:06 2017;1
6 2 10:15:07 2017;1
6 2 10:15:08 2017;1
6 2 10:15:09 2017;1
6 2 10:15:10 2017;1
6 2 10:15:11 2017;1
6 2 10:15:12 2017;1
6 2 10:15:13 2017;1
6 2 10:15:14 2017;1
6 2 10:15:15 2017;1
6 2 10:15:16 2017;1
6 2 10:15:17 2017;1
6 2 10:15:18 2017;1
6 2 10:15:19 2017;1
6 2 10:15:20 2017;1
6 2 10:15:21 2017;1
6 2 10:15:22 2017;1
6 2 10:15:23 2017;1
6 2 10:15:24 2017;1
6 2 10:15:25 2017;1
6 2 10:15:26 2017;1
6 2 10:15:27 2017;1
6 2 10:15:28 2017;1
6 2 10:15:29 2017;1
6 2 10:15:30 2017;1
