6 2 10:25:13 2017;1022
6 2 10:25:14 2017;1023
6 2 10:25:15 2017;1023
6 2 10:25:16 2017;1023
6 2 10:25:17 2017;1009
6 2 10:25:18 2017;1023
6 2 10:25:19 2017;1023
6 2 10:25:20 2017;1023
6 2 10:25:21 2017;1023
6 2 10:25:22 2017;1020
6 2 10:25:23 2017;1021
6 2 10:25:24 2017;1023
6 2 10:25:25 2017;1014
6 2 10:25:26 2017;1004
6 2 10:25:27 2017;441
6 2 10:25:28 2017;378
6 2 10:25:29 2017;0
6 2 10:25:30 2017;1023
6 2 10:25:31 2017;1023
6 2 10:25:32 2017;1023
6 2 10:25:33 2017;352
6 2 10:25:34 2017;1023
6 2 10:25:35 2017;801
6 2 10:25:36 2017;714
6 2 10:25:37 2017;965
6 2 10:25:38 2017;333
6 2 10:25:39 2017;318
6 2 10:25:40 2017;319
6 2 10:25:41 2017;1018
6 2 10:25:42 2017;1023
6 2 10:25:43 2017;1021
6 2 10:25:44 2017;1023
6 2 10:25:45 2017;1020
6 2 10:25:46 2017;1023
