6 2 10:23:54 2017;871
6 2 10:23:55 2017;886
6 2 10:23:56 2017;891
6 2 10:23:57 2017;851
6 2 10:23:58 2017;792
6 2 10:23:59 2017;795
6 2 10:24:00 2017;811
6 2 10:24:01 2017;836
6 2 10:24:02 2017;813
6 2 10:24:03 2017;799
6 2 10:24:04 2017;789
6 2 10:24:05 2017;791
6 2 10:24:06 2017;882
6 2 10:24:07 2017;856
6 2 10:24:08 2017;854
6 2 10:24:09 2017;826
6 2 10:24:10 2017;819
6 2 10:24:11 2017;869
6 2 10:24:12 2017;881
6 2 10:24:13 2017;890
6 2 10:24:14 2017;868
6 2 10:24:15 2017;847
6 2 10:24:16 2017;761
6 2 10:24:17 2017;782
6 2 10:24:18 2017;818
6 2 10:24:19 2017;862
6 2 10:24:20 2017;808
6 2 10:24:21 2017;817
6 2 10:24:22 2017;809
6 2 10:24:23 2017;804
6 2 10:24:24 2017;874
6 2 10:24:25 2017;858
6 2 10:24:26 2017;857
6 2 10:24:27 2017;866
6 2 10:24:28 2017;863
6 2 10:24:29 2017;789
6 2 10:24:30 2017;803
6 2 10:24:31 2017;823
6 2 10:24:32 2017;846
